
============================================================
  1. LOAD DATA
============================================================
Shape          : (28382, 18)
Columns        : ['vintage', 'age', 'gender', 'dependents', 'occupation', 'customer_nw_category', 'days_since_last_transaction', 'current_balance', 'previous_month_end_balance', 'average_monthly_balance_prevQ', 'average_monthly_balance_prevQ2', 'current_month_credit', 'previous_month_credit', 'current_month_debit', 'previous_month_debit', 'current_month_balance', 'previous_month_balance', 'churn']

First 5 rows:
   vintage  age gender  dependents     occupation  customer_nw_category  days_since_last_transaction  current_balance  previous_month_end_balance  average_monthly_balance_prevQ  average_monthly_balance_prevQ2  current_month_credit  previous_month_credit  current_month_debit  previous_month_debit  current_month_balance  previous_month_balance  churn
0     3135   66   Male         0.0  self_employed                     2                        224.0          1458.71                     1458.71                        1458.71                         1449.07                  0.20                   0.20                 0.20                  0.20                1458.71                 1458.71      0
1      310   35   Male         0.0  self_employed                     2                         60.0          5390.37                     8704.66                        7799.26                        12419.41                  0.56                   0.56              5486.27                100.56                6496.78                 8787.61      0
2     2356   31   Male         0.0       salaried                     2                          NaN          3913.16                     5815.29                        4910.17                         2815.94                  0.61                   0.61              6046.73                259.23                5006.28                 5070.14      0
3      478   90    NaN         NaN  self_employed                     2                        147.0          2291.91                     2291.91                        2084.54                         1006.54                  0.47                   0.47                 0.47               2143.33                2291.91                 1669.79      1
4     2531   42   Male         2.0  self_employed                     3                         58.0           927.72                     1401.72                        1643.31                         1871.12                  0.33                 714.61               588.62               1538.06                1157.15                 1677.16      1

Data Types:
vintage                             int64
age                                 int64
gender                                str
dependents                        float64
occupation                            str
customer_nw_category                int64
days_since_last_transaction       float64
current_balance                   float64
previous_month_end_balance        float64
average_monthly_balance_prevQ     float64
average_monthly_balance_prevQ2    float64
current_month_credit              float64
previous_month_credit             float64
current_month_debit               float64
previous_month_debit              float64
current_month_balance             float64
previous_month_balance            float64
churn                               int64

Missing Values:
vintage                              0
age                                  0
gender                             525
dependents                        2463
occupation                          80
customer_nw_category                 0
days_since_last_transaction       3223
current_balance                      0
previous_month_end_balance           0
average_monthly_balance_prevQ        0
average_monthly_balance_prevQ2       0
current_month_credit                 0
previous_month_credit                0
current_month_debit                  0
previous_month_debit                 0
current_month_balance                0
previous_month_balance               0
churn                                0

============================================================
  2. EDA PLOTS
============================================================
Saved: gender_vs_churn.png
Saved: age_distribution.png

============================================================
  3. PREPROCESSING — Fill Missing Values
============================================================
Missing after fill:
vintage                           0
age                               0
gender                            0
dependents                        0
occupation                        0
customer_nw_category              0
days_since_last_transaction       0
current_balance                   0
previous_month_end_balance        0
average_monthly_balance_prevQ     0
average_monthly_balance_prevQ2    0
current_month_credit              0
previous_month_credit             0
current_month_debit               0
previous_month_debit              0
current_month_balance             0
previous_month_balance            0
churn                             0

============================================================
  3. PREPROCESSING — Encode Features
============================================================
Shape after encoding : (28382, 18)

Encoded Data Info:
                               Col    dtype  n_uniques                                                                                                                                                                                                                                                                                                                                                                                                                                                                                                                                                                                                                                                                                                                                                                                                                                                                                                                                           Unique Values  Nulls
0                          vintage    int64       5473                                                                                                                                                                                                                                                                                                                                             [3135, 310, 2356, 478, 2531, 263, 5922, 1145, 2132, 3379, 661, 7108, 2438, 5703, 2314, 1934, 2723, 6111, 5821, 3500, 5724, 2083, 3101, 1897, 754, 606, 2620, 1391, 4175, 2204, 6006, 2963, 1124, 2173, 2671, 2684, 5803, 5579, 2350, 4750, 6834, 282, 1656, 2938, 2255, 3168, 4526, 937, 3428, 1776, 1957, 2701, 1916, 2292, 4843, 2380, 734, 1040, 2622, 4995, 1037, 4870, 704, 451, 5096, 5550, 2709, 3952, 1043, 434, 761, 1140, 5621, 1390, 6244, 765, 1672, 4237, 2053, 4630, 762, 1206, 3422, 1106, 6036, 844, 1395, 4696, 733, 7159, 6163, 2964, 1644, 2839, 8459, 2629, 463, 1794, 1856, 3142, ...]      0
1                              age    int64         90                                                                                                                                                                                                                                                                                                                                                                                                                                                                                                                                                                                         [66, 35, 31, 90, 42, 72, 46, 40, 68, 32, 73, 50, 48, 51, 49, 52, 47, 41, 45, 29, 34, 76, 36, 56, 55, 33, 64, 54, 9, 69, 44, 17, 4, 30, 43, 65, 19, 13, 67, 60, 79, 21, 57, 27, 71, 61, 70, 26, 58, 63, 53, 74, 75, 39, 38, 62, 10, 37, 3, 25, 28, 83, 23, 59, 77, 81, 18, 15, 24, 6, 22, 80, 84, 20, 14, 86, 78, 7, 11, 8, 82, 88, 85, 89, 5, 16, 87, 2, 12, 1]      0
2                           gender    int64          2                                                                                                                                                                                                                                                                                                                                                                                                                                                                                                                                                                                                                                                                                                                                                                                                                                                                                                                                                  [1, 0]      0
3                       dependents  float64         16                                                                                                                                                                                                                                                                                                                                                                                                                                                                                                                                                                                                                                                                                                                                                                                                                                                   [0.0, 0.34723561865812724, 2.0, 3.0, 1.0, 7.0, 4.0, 6.0, 5.0, 9.0, 52.0, 36.0, 50.0, 8.0, 25.0, 32.0]      0
4                       occupation    int64          5                                                                                                                                                                                                                                                                                                                                                                                                                                                                                                                                                                                                                                                                                                                                                                                                                                                                                                                                         [3, 2, 1, 4, 0]      0
5             customer_nw_category    int64          3                                                                                                                                                                                                                                                                                                                                                                                                                                                                                                                                                                                                                                                                                                                                                                                                                                                                                                                                               [2, 3, 1]      0
6      days_since_last_transaction  float64        361                                                                                                                                                                                                                                                                          [224.0, 60.0, 69.99781390357327, 147.0, 58.0, 98.0, 172.0, 19.0, 0.0, 5.0, 20.0, 47.0, 303.0, 52.0, 3.0, 69.0, 31.0, 23.0, 13.0, 4.0, 9.0, 27.0, 36.0, 77.0, 125.0, 10.0, 97.0, 61.0, 26.0, 100.0, 7.0, 11.0, 160.0, 14.0, 95.0, 17.0, 116.0, 76.0, 18.0, 28.0, 25.0, 173.0, 46.0, 12.0, 6.0, 138.0, 126.0, 49.0, 230.0, 45.0, 75.0, 219.0, 70.0, 30.0, 180.0, 39.0, 259.0, 188.0, 328.0, 81.0, 297.0, 63.0, 174.0, 96.0, 32.0, 102.0, 40.0, 164.0, 110.0, 231.0, 87.0, 35.0, 86.0, 48.0, 129.0, 205.0, 359.0, 257.0, 21.0, 132.0, 209.0, 53.0, 24.0, 171.0, 135.0, 149.0, 286.0, 137.0, 341.0, 168.0, 200.0, 108.0, 308.0, 38.0, 227.0, 55.0, 68.0, 109.0, 118.0, 357.0, ...]      0
7                  current_balance  float64      27903                      [1458.71, 5390.37, 3913.16, 2291.91, 927.72, 15202.2, 7006.93, 10096.58, 1355.86, 4957.95, 1928.76, 6886.4, 554.38, 4548.48, 5431.42, 2010.98, 1448.49, 5292.13, 3507.71, 3042.7, 2.18, 4792.6, 8358.47, 2497.52, 2596.21, 14289.26, 20273.43, 7111.29, 6424.46, 6152.67, 972.57, 10701.32, 3294.42, 1210.46, 4065.35, 7613.61, 226.9, 1436.71, 5575.95, 3295.17, 13148.58, 7870.87, 2021.8, 2899.7, 849.37, 6792.03, 1540.21, 5717.13, 3854.44, 3585.62, 9885.21, 4474.38, 1443.95, 21252.86, 894.72, 1499.55, 91.47, 2788.4, 3365.16, 3373.21, 4091.66, 12039.77, 6036.9, 6926.41, 1578.21, 1050.3, 5065.29, 15942.78, 7151.46, 27970.63, 431.67, 4330.29, 11902.1, 2662.21, 54686.7, 2585.29, 6209.34, 39462.27, 4587.28, 2335.05, 9931.34, 3379.75, 11636.85, 483.52, 10088.96, 3537.16, 12913.08, 3144.56, 2870.63, 3185.72, 6785.6, 3122.27, 9013.52, 2227.37, 20741.22, 1454.24, 2429.18, 2460.94, 22437.57, 10152.97, ...]      0
8       previous_month_end_balance  float64      27922          [1458.71, 8704.66, 5815.29, 2291.91, 1401.72, 16059.34, 7714.19, 8519.53, 1355.86, 4244.38, 1571.47, 8372.64, 5728.66, 3526.01, 5489.14, 1994.84, 3183.27, 3804.06, 3965.26, 3118.34, 1198.35, 5149.74, 7715.61, 1401.93, 3023.7, 14289.26, 23106.03, 6971.29, 7666.31, 6161.67, 10974.39, 10786.13, 3294.42, 2364.33, 4065.35, 8387.76, 179.76, 1436.71, 5230.81, 3295.17, 12725.72, 7870.87, 12315.58, 3315.42, 906.51, 2075.19, 1536.52, 5752.87, 3402.88, 16242.22, 9885.21, 6617.24, 1560.6, 20848.89, 610.75, 1499.55, 926.03, 1945.72, 1936.59, 3377.04, 3911.4, 11695.56, 5104.17, 4724.56, 14771.27, 980.14, 5493.38, 16707.64, 7151.46, 30174.91, 3572.74, 3813.46, 17154.34, 2590.78, 19568.0, 2013.86, 747.55, 37735.69, 2396.64, 2163.62, 10074.2, 7713.06, 11239.9, 483.52, 8180.5, 3137.31, 13185.93, 3145.98, 2226.87, 3185.72, 6395.65, 3148.7, 8450.77, 2355.94, 18803.01, 3187.91, 3961.44, 2460.94, 22627.3, 1699.27, ...]      0
9    average_monthly_balance_prevQ  float64      27801  [1458.71, 7799.26, 4910.17, 2084.54, 1643.31, 15211.29, 7859.74, 6511.82, 1702.44, 2168.53, 1722.6, 9149.45, 1794.39, 2831.89, 6532.99, 1829.43, 3021.27, 3946.99, 4356.62, 2843.98, 5003.79, 5569.58, 7819.06, 1657.7, 4867.68, 14289.26, 26221.15, 7040.32, 7003.05, 6163.13, 18028.94, 6119.39, 3294.42, 4672.78, 4065.35, 3587.43, 2152.77, 1436.64, 5287.41, 3518.82, 12754.06, 7265.1, 9044.84, 3568.09, 1496.26, 3944.52, 1577.99, 5734.71, 7996.88, 14497.05, 9885.21, 7897.49, 1499.63, 21926.19, 2002.71, 1499.55, 2839.76, 2121.84, 1672.36, 5647.25, 3817.38, 11506.59, 4925.66, 4217.47, 4654.6, 2147.51, 5517.33, 16215.43, 7132.17, 29183.26, 2623.92, 4213.59, 22557.45, 2500.33, 20354.78, 2145.23, 2028.69, 39371.37, 3776.63, 2212.69, 10165.31, 5382.72, 9482.92, 2032.88, 7011.82, 3658.26, 11588.33, 2800.31, 2205.3, 3185.72, 10586.02, 3380.35, 7659.27, 1869.48, 20449.11, 1440.99, 3826.64, 2460.94, 14741.84, 3216.92, ...]      0
10  average_monthly_balance_prevQ2  float64      27940              [1449.07, 12419.41, 2815.94, 1006.54, 1871.12, 13798.82, 11232.37, 16314.17, 1126.13, 1864.33, 747.66, 21007.52, 137.25, 8075.81, 7720.34, 2415.57, 1710.93, 3931.91, 3623.2, 2606.86, 1223.6, 4826.6, 7666.74, 2357.17, 7592.46, 14443.43, 5594.83, 7298.14, 6322.76, 6156.28, 8349.94, 2675.84, 3273.68, 6000.44, 4039.6, 3397.86, 519.21, 1403.46, 5404.32, 3906.6, 11908.97, 4324.97, 13267.32, 3893.81, 2016.94, 779.19, 1795.98, 5368.97, 17827.68, 16252.35, 9821.38, 8096.35, 1323.69, 18861.56, 1029.63, 1490.06, 220.68, 3567.85, 1111.34, 8408.92, 3687.68, 8441.8, 2604.71, 2547.56, 5792.17, 2587.58, 6507.79, 21975.14, 6939.37, 31724.2, 394.73, 4163.72, 26515.79, 4217.13, 56390.75, 2001.11, 436.32, 34742.38, 2877.55, 960.02, 10167.53, 2313.62, 7835.2, 6547.79, 12760.62, 1726.28, 11725.2, 877.99, 5458.8, 3173.23, 20127.88, 6022.71, 6097.42, 226.88, 16927.81, 1260.99, 4367.47, 2445.36, 7979.38, 3063.66, ...]      0
11            current_month_credit  float64      10411                                                                                                                                                                          [0.2, 0.56, 0.61, 0.47, 0.33, 0.36, 0.64, 0.27, 714.51, 6912.29, 443.4, 7564.53, 0.66, 0.16, 190.71, 3916.91, 0.3, 79.79, 643.24, 2072.09, 0.6, 7.83, 143.26, 63.9, 0.11, 18598.44, 0.34, 0.19, 37471.69, 0.44, 357.8, 0.43, 423.47, 0.23, 2.76, 0.01, 16642.73, 1428.73, 0.1, 1428.76, 3260.71, 0.17, 0.51, 328.86, 782.48, 487.46, 0.31, 957.8, 1022.96, 1429.27, 0.54, 342.91, 947.69, 2202.39, 41.06, 1498.99, 65.8, 604.96, 0.4, 5970.89, 0.37, 628.73, 9490.71, 143.46, 53551.68, 571.57, 298.6, 6904.7, 6019.98, 142.97, 10165.1, 242.66, 1640.74, 471.97, 0.29, 0.67, 2780.11, 0.14, 0.39, 11928.66, 554.89, 4571.66, 12291.5, 9214.61, 13.66, 41.39, 1544.86, 0.57, 1680.43, 1386.34, 30.17, 382.8, 2417.34, 0.07, 122.03, 0.41, 2201.54, 6429.01, 0.13, 1038.1, ...]      0
12           previous_month_credit  float64      10711                                                                                                                                                        [0.2, 0.56, 0.61, 0.47, 714.61, 0.36, 0.64, 0.27, 121.09, 4206.13, 0.54, 4550.24, 500.33, 661.73, 0.16, 113.64, 1986.01, 70.73, 0.39, 0.66, 12.45, 722.68, 0.4, 18898.87, 0.11, 0.57, 8454.72, 0.34, 0.19, 3275.63, 0.44, 0.43, 0.23, 465.73, 1216.86, 10147.4, 7828.73, 0.1, 1428.76, 0.67, 0.17, 0.51, 328.86, 487.46, 0.31, 1429.23, 714.99, 285.77, 947.69, 1500.53, 809.42, 5857.4, 65.8, 487.74, 14968.34, 5714.66, 40227.94, 183.14, 1804.39, 0.14, 1515.79, 7065.39, 8614.97, 15515.99, 281.03, 0.3, 6.91, 1386.26, 4285.87, 0.01, 0.29, 0.91, 2555.04, 1085.49, 14643.24, 22783.16, 554.89, 40000.23, 814.89, 3.27, 5000.33, 0.33, 29.75, 257.7, 142.97, 446.64, 29668.13, 29.66, 5910.64, 464.49, 428.69, 0.07, 122.03, 886.13, 13495.49, 8742.99, 3043.03, 91.04, 0.21, 2285.04, ...]      0
13             current_month_debit  float64      13704                                                                                                                                                    [0.2, 5486.27, 6046.73, 0.47, 588.62, 857.5, 1299.64, 443.13, 714.51, 1887.3, 0.54, 9907.91, 5098.9, 1748.08, 0.66, 128.66, 2461.66, 0.27, 71.99, 104.44, 3588.76, 357.61, 0.39, 1191.06, 635.56, 0.64, 853.09, 3.26, 165.46, 0.11, 192.4, 384.97, 0.36, 0.34, 1090.94, 38711.36, 0.44, 0.43, 0.61, 0.23, 11557.01, 715.99, 0.01, 11925.89, 3928.73, 107.26, 78.33, 14617.16, 0.17, 2143.37, 416.93, 344.44, 120.31, 0.31, 180.28, 0.7, 0.06, 0.67, 0.53, 13250.07, 1428.83, 493.89, 1286.36, 0.4, 5395.31, 3191.36, 0.16, 14028.67, 72.03, 17864.3, 0.14, 1191.11, 3423.32, 4619.4, 285.83, 10075.57, 1594.4, 0.3, 0.63, 71.97, 115.87, 1.44, 0.29, 541.43, 366.39, 128.84, 123.07, 2877.35, 1428.71, 192.23, 3474.96, 28.8, 782.59, 45285.94, 4664.03, 779.37, 306.04, 128.94, 0.33, 1538.06, ...]      0
14            previous_month_debit  float64      14010                                                                                                                                          [0.2, 100.56, 259.23, 2143.33, 1538.06, 286.07, 439.26, 5688.44, 359.44, 1348.85, 208.79, 5161.96, 508.53, 2529.75, 2811.53, 360.7, 1257.41, 16.7, 8600.56, 1000.3, 744.73, 786.19, 0.39, 1786.37, 6069.1, 0.64, 1557.17, 0.4, 14515.19, 0.11, 77.77, 857.3, 0.36, 14.49, 0.34, 16700.25, 4586.23, 0.44, 0.66, 0.43, 0.61, 0.23, 16321.24, 2328.84, 2142.87, 10303.49, 7143.01, 0.1, 10552.2, 1743.53, 0.17, 2714.8, 294.44, 1912.35, 3334.6, 0.31, 14936.37, 15.9, 0.7, 4286.26, 143.06, 0.06, 572.1, 1429.1, 2640.42, 7143.11, 65.31, 1244.91, 9534.1, 7339.07, 0.16, 59542.94, 0.6, 73.01, 0.14, 1925.96, 1973.06, 7526.69, 174.4, 10638.66, 2291.33, 57.44, 0.63, 4871.97, 0.01, 0.29, 0.67, 1188.14, 0.47, 48.89, 0.27, 2000.03, 410.67, 114.43, 406.51, 16261.1, 1100.93, 2071.66, 3224.89, 683.13, ...]      0
15           current_month_balance  float64      27944          [1458.71, 6496.78, 5006.28, 2291.91, 1157.15, 15719.44, 7076.06, 8563.84, 1183.45, 1823.16, 1606.54, 8532.97, 2541.22, 2985.16, 5437.04, 1960.91, 1950.95, 4158.66, 3605.4, 3101.18, 43.07, 5029.05, 8025.96, 1185.47, 2847.25, 14289.26, 21741.48, 7019.56, 6499.62, 6152.98, 32799.53, 10807.22, 3294.42, 6461.22, 4065.35, 3656.3, 2756.47, 1436.71, 5354.17, 3295.17, 12937.74, 7870.87, 9190.74, 3308.91, 896.66, 6495.58, 751.91, 5700.39, 3300.27, 11112.23, 9885.21, 5434.97, 1547.19, 20721.47, 871.43, 1499.55, 806.65, 2109.38, 2281.42, 3373.74, 3948.7, 11935.11, 5688.03, 5073.02, 6407.25, 1833.64, 5289.17, 16115.08, 7151.46, 27609.06, 1546.76, 4022.64, 9599.97, 2704.08, 27917.15, 2407.95, 5028.71, 41740.9, 5530.89, 2174.46, 10024.94, 4390.67, 10875.19, 483.52, 8626.56, 3497.27, 12926.87, 3145.84, 2757.94, 3185.72, 4882.4, 3143.23, 8201.65, 2333.78, 21237.0, 2173.64, 3364.19, 2460.94, 22436.48, 5369.79, ...]      0
16          previous_month_balance  float64      27913          [1458.71, 8787.61, 5070.14, 1669.79, 1677.16, 15349.75, 7755.98, 5317.04, 1857.42, 2416.69, 1800.15, 8072.33, 2612.6, 1536.98, 6633.94, 1840.23, 3127.0, 3810.95, 4022.04, 2692.52, 6859.18, 5744.21, 7715.61, 2098.38, 4957.86, 14289.26, 25504.19, 6971.29, 8589.6, 6165.44, 11022.7, 4819.38, 3294.42, 2087.69, 4065.35, 5707.49, 1707.51, 1436.71, 5243.52, 3295.17, 12725.72, 7870.87, 12153.12, 3918.18, 1670.84, 2370.54, 2606.82, 5752.87, 7293.4, 16259.74, 9885.21, 8096.5, 1565.14, 21741.64, 1369.55, 1499.55, 3892.54, 1957.62, 1660.25, 5900.63, 3940.44, 11566.53, 4772.01, 4687.69, 4753.54, 2371.85, 5493.32, 16619.75, 7151.46, 26970.91, 4973.61, 4179.8, 26536.82, 2575.33, 17771.8, 2013.86, 389.58, 38821.4, 2620.73, 2237.81, 10161.76, 8821.53, 11022.47, 560.64, 8048.1, 2805.97, 11757.0, 3145.98, 2177.22, 3185.72, 7174.91, 3148.7, 7761.98, 2352.71, 20533.91, 1634.38, 3994.93, 2460.94, 13398.73, 1571.78, ...]      0
17                           churn    int64          2                                                                                                                                                                                                                                                                                                                                                                                                                                                                                                                                                                                                                                                                                                                                                                                                                                                                                                                                                  [0, 1]      0

Statistical Summary:
            vintage           age        gender    dependents    occupation  customer_nw_category  days_since_last_transaction  current_balance  previous_month_end_balance  average_monthly_balance_prevQ  average_monthly_balance_prevQ2  current_month_credit  previous_month_credit  current_month_debit  previous_month_debit  current_month_balance  previous_month_balance         churn
count  28382.000000  28382.000000  28382.000000  28382.000000  28382.000000          28382.000000                 28382.000000     2.838200e+04                2.838200e+04                   2.838200e+04                    2.838200e+04          2.838200e+04           2.838200e+04         2.838200e+04          2.838200e+04           2.838200e+04            2.838200e+04  28382.000000
mean    2364.336446     48.208336      0.601543      0.347236      2.689451              2.225530                    69.997814     7.380552e+03                7.495771e+03                   7.496780e+03                    7.124209e+03          3.433252e+03           3.261694e+03         3.658745e+03          3.339761e+03           7.451133e+03            7.495177e+03      0.185329
std     1610.124506     17.807163      0.489589      0.953388      0.714303              0.660443                    81.290871     4.259871e+04                4.252935e+04                   4.172622e+04                    4.457581e+04          7.707145e+04           2.968889e+04         5.198542e+04          2.430111e+04           4.203394e+04            4.243198e+04      0.388571
min      180.000000      1.000000      0.000000      0.000000      0.000000              1.000000                     0.000000    -5.503960e+03               -3.149570e+03                   1.428690e+03                   -1.650610e+04          1.000000e-02           1.000000e-02         1.000000e-02          1.000000e-02          -3.374180e+03           -5.171920e+03      0.000000
25%     1121.000000     36.000000      0.000000      0.000000      2.000000              2.000000                    13.000000     1.784470e+03                1.906000e+03                   2.180945e+03                    1.832507e+03          3.100000e-01           3.300000e-01         4.100000e-01          4.100000e-01           1.996765e+03            2.074407e+03      0.000000
50%     2018.000000     46.000000      1.000000      0.000000      3.000000              2.000000                    41.000000     3.281255e+03                3.379915e+03                   3.542865e+03                    3.359600e+03          6.100000e-01           6.300000e-01         9.193000e+01          1.099600e+02           3.447995e+03            3.465235e+03      0.000000
75%     3176.000000     60.000000      1.000000      0.000000      3.000000              3.000000                    83.000000     6.635820e+03                6.656535e+03                   6.666887e+03                    6.517960e+03          7.072725e+02           7.492350e+02         1.360435e+03          1.357553e+03           6.667958e+03            6.654693e+03      0.000000
max    12899.000000     90.000000      1.000000     52.000000      4.000000              3.000000                   365.000000     5.905904e+06                5.740439e+06                   5.700290e+06                    5.010170e+06          1.226985e+07           2.361808e+06         7.637857e+06          1.414168e+06           5.778185e+06            5.720144e+06      1.000000

Saved: correlation_heatmap.png

============================================================
  4. TRAIN / TEST SPLIT
============================================================
Total samples    : 28382
Training samples : 22705
Testing  samples : 5677
Features         : 17

Class distribution in Train:
churn
0    18497
1     4208

Class distribution in Test:
churn
0    4625
1    1052

============================================================
  5. FEATURE SELECTION (Top K Features)
============================================================
Selected 11 features:
   1. current_balance
   2. current_month_balance
   3. current_month_debit
   4. average_monthly_balance_prevQ
   5. average_monthly_balance_prevQ2
   6. previous_month_balance
   7. previous_month_end_balance
   8. previous_month_debit
   9. vintage
  10. previous_month_credit
  11. current_month_credit

============================================================
  6. SMOTE BALANCING + FEATURE SCALING
============================================================
Before SMOTE — Class counts:
churn
0    18497
1     4208

After  SMOTE — Class counts:
churn
0    18497
1    18497

Training shape after SMOTE : (36994, 11)
Scaling applied — Train: (36994, 11), Test: (5677, 11)

============================================================
  7. MODEL TRAINING & EVALUATION
============================================================
Models to train: ['LogisticRegression', 'DecisionTree', 'RandomForest', 'KNN', 'SVM', 'XGBoost']


===== Model Performance Summary =====
                Model  Train Accuracy  Test Accuracy
2        RandomForest        1.000000       0.838471
4                 SVM        0.736552       0.834948
5             XGBoost        0.909904       0.830720
1        DecisionTree        1.000000       0.746169
3                 KNN        0.851895       0.744231
0  LogisticRegression        0.706574       0.736128

Saved: model_comparison.png

============================================================
  8. CLASSIFICATION REPORTS
============================================================

--- LogisticRegression ---
              precision    recall  f1-score   support

    No Churn       0.91      0.75      0.82      4625
       Churn       0.38      0.67      0.48      1052

    accuracy                           0.74      5677
   macro avg       0.64      0.71      0.65      5677
weighted avg       0.81      0.74      0.76      5677


--- DecisionTree ---
              precision    recall  f1-score   support

    No Churn       0.89      0.79      0.83      4625
       Churn       0.38      0.57      0.45      1052

    accuracy                           0.75      5677
   macro avg       0.63      0.68      0.64      5677
weighted avg       0.79      0.75      0.76      5677


--- RandomForest ---
              precision    recall  f1-score   support

    No Churn       0.91      0.89      0.90      4625
       Churn       0.56      0.62      0.59      1052

    accuracy                           0.84      5677
   macro avg       0.73      0.75      0.74      5677
weighted avg       0.85      0.84      0.84      5677


--- KNN ---
              precision    recall  f1-score   support

    No Churn       0.90      0.77      0.83      4625
       Churn       0.39      0.64      0.48      1052

    accuracy                           0.74      5677
   macro avg       0.65      0.71      0.66      5677
weighted avg       0.81      0.74      0.77      5677


--- SVM ---
              precision    recall  f1-score   support

    No Churn       0.91      0.89      0.90      4625
       Churn       0.55      0.60      0.57      1052

    accuracy                           0.83      5677
   macro avg       0.73      0.74      0.74      5677
weighted avg       0.84      0.83      0.84      5677


--- XGBoost ---
              precision    recall  f1-score   support

    No Churn       0.91      0.88      0.89      4625
       Churn       0.54      0.62      0.58      1052

    accuracy                           0.83      5677
   macro avg       0.72      0.75      0.74      5677
weighted avg       0.84      0.83      0.84      5677


============================================================
  9. SAVING TRAINED MODELS
============================================================
Saved: outputs/models/LogisticRegression.pkl
Saved: outputs/models/DecisionTree.pkl
Saved: outputs/models/RandomForest.pkl
Saved: outputs/models/KNN.pkl
Saved: outputs/models/SVM.pkl
Saved: outputs/models/XGBoost.pkl

============================================================
  PIPELINE COMPLETE
============================================================
All plots   → outputs/plots/
All models  → outputs/models/
Full report → outputs/pipeline_report.txt
